20130701	1
20130702	1
20130703	1
20130704	1
20130705	1
20130706	1
20130707	1
20130708	1
20130709	1
20130710	1
20130711	1
20130712	1
20130713	1
20130714	1
20130715	1
20130716	1
20130717	1
20130718	1
20130719	1
20130720	1
20130721	1
20130722	1
20130723	1
20130724	1
20130725	1
20130726	1
20130727	1
20130728	0
20130729	1
20130730	0
20130731	0
20130801	0
20130802	0
20130803	0
20130804	0
20130805	1
20130806	1
20130807	0
20130808	0
20130809	0
20130810	0
20130811	0
20130812	1
20130813	0
20130814	0
20130815	0
20130816	0
20130817	0
20130818	0
20130819	1
20130820	0
20130821	0
20130822	0
20130823	0
20130824	0
20130825	0
20130826	1
20130827	1
20130828	1
20130829	0
20130830	0
20130831	1
20130901	1
20130902	0
20130903	1
20130904	1
20130905	1
20130906	0
20130907	1
20130908	1
20130909	0
20130910	0
20130911	1
20130912	1
20130913	0
20130914	1
20130915	1
20130916	0
20130917	1
20130918	0
20130919	1
20130920	1
20130921	1
20130922	1
20130923	1
20130924	0
20130925	0
20130926	0
20130927	0
20130928	1
20130929	1
20130930	1
20131001	1
20131002	1
20131003	1
20131004	0
20131005	0
20131006	1
20131007	1
20131008	0
20131009	1
20131010	1
20131011	1
20131012	1
20131013	1
20131014	1
20131015	0
20131016	0
20131017	1
20131018	1
20131019	1
20131020	1
20131021	0
20131022	1
20131023	1
20131024	1
20131025	1
20131026	1
20131027	1
20131028	1
20131029	0
20131030	0
20131031	0
20131101	0
20131102	0
20131103	0
20131104	1
20131105	0
20131106	1
20131107	0
20131108	0
20131109	1
20131110	1
20131111	0
20131112	0
20131113	0
20131114	1
20131115	0
20131116	1
20131117	1
20131118	1
20131119	1
20131120	1
20131121	1
20131122	0
20131123	0
20131124	0
20131125	0
20131126	0
20131127	0
20131128	0
20131129	0
20131130	0
20131201	0
20131202	0
20131203	0
20131204	0
20131205	0
20131206	1
20131207	1
20131208	1
20131209	0
20131210	0
20131211	0
20131212	0
20131213	0
20131214	0
20131215	0
20131216	0
20131217	0
20131218	1
20131219	0
20131220	0
20131221	0
20131222	0
20131223	0
20131224	0
20131225	0
20131226	0
20131227	0
20131228	0
20131229	0
20131230	0
20131231	0
20140101	1
20140102	0
20140103	1
20140104	1
20140105	1
20140106	1
20140107	0
20140108	0
20140109	1
20140110	0
20140111	1
20140112	1
20140113	1
20140114	1
20140115	1
20140116	1
20140117	1
20140118	1
20140119	1
20140120	0
20140121	1
20140122	1
20140123	0
20140124	0
20140125	1
20140126	1
20140127	1
20140128	0
20140129	1
20140130	1
20140131	1
20140201	1
20140202	1
20140203	1
20140204	1
20140205	1
20140206	1
20140207	0
20140208	0
20140209	0
20140210	0
20140211	0
20140212	1
20140213	1
20140214	1
20140215	1
20140216	1
20140217	1
20140218	1
20140219	1
20140220	1
20140221	1
20140222	1
20140223	1
20140224	0
20140225	1
20140226	1
20140227	1
20140228	1
20140301	1
20140302	1
20140303	1
20140304	1
20140305	1
20140306	1
20140307	1
20140308	1
20140309	1
20140310	1
20140311	1
20140312	1
20140313	1
20140314	1
20140315	1
20140316	1
20140317	1
20140318	1
20140319	0
20140320	0
20140321	0
20140322	1
20140323	1
20140324	1
20140325	1
20140326	1
20140327	1
20140328	1
20140329	1
20140330	1
20140331	0
20140401	0
20140402	0
20140403	0
20140404	0
20140405	1
20140406	1
20140407	1
20140408	1
20140409	1
20140410	1
20140411	1
20140412	1
20140413	1
20140414	1
20140415	1
20140416	1
20140417	1
20140418	1
20140419	1
20140420	1
20140421	1
20140422	1
20140423	1
20140424	1
20140425	1
20140426	1
20140427	1
20140428	1
20140429	1
20140430	0
20140501	1
20140502	1
20140503	1
20140504	0
20140505	1
20140506	0
20140507	1
20140508	1
20140509	1
20140510	1
20140511	1
20140512	1
20140513	1
20140514	1
20140515	1
20140516	1
20140517	1
20140518	1
20140519	0
20140520	0
20140521	0
20140522	1
20140523	1
20140524	1
20140525	1
20140526	1
20140527	1
20140528	1
20140529	1
20140530	0
20140531	1
20140601	1
20140602	1
20140603	0
20140604	0
20140605	0
20140606	1
20140607	1
20140608	1
20140609	0
20140610	0
20140611	0
20140612	0
20140613	0
20140614	0
20140615	1
20140616	1
20140617	1
20140618	1
20140619	1
20140620	1
20140621	1
20140622	1
20140623	1
20140624	1
20140625	1
20140626	1
20140627	1
20140628	1
20140629	1
20140630	1
20140701	0
20140702	0
20140703	1
20140704	1
20140705	1
20140706	1
20140707	1
20140708	1
20140709	1
20140710	0
20140711	1
20140712	1
20140713	1
20140714	0
20140715	0
20140716	0
20140717	1
20140718	1
20140719	1
20140720	1
20140721	0
20140722	1
20140723	0
20140724	1
20140725	0
20140726	1
20140727	1
20140728	0
20140729	1
20140730	1
20140731	1
20140801	1
20140802	1
20140803	1
20140804	0
20140805	1
20140806	1
20140807	1
20140808	0
20140809	1
20140810	1
20140811	0
20140812	1
20140813	1
20140814	0
20140815	1
20140816	1
20140817	1
20140818	1
20140819	0
20140820	0
20140821	0
20140822	1
20140823	1
20140824	1
20140825	0
20140826	1
20140827	0
20140828	1
20140829	0
20140830	0
20140831	0
There are 275 times that weekly-yield interest is larger than daily-yield interest
